1	0	0	0	0	0	0	0	0	0	07.01.2019	3.7356	3.7139	3.7384	3.6898	0.54	0	0	0	0	0
2	3.7356	0	0	0	0	0	0	0	0	08.01.2019	3.7133	3.7373	3.7412	3.7034	-0.60	0	0	0	0	0
3	3.7133	3.7356	0	0	0	0	0	0	0	09.01.2019	3.6807	3.7138	3.7155	3.6743	-0.88	0	0	0	0	1
4	3.6807	3.7133	3.7356	0	0	0	0	0	0	10.01.2019	3.7105	3.6807	3.7249	3.6746	0.81	0	0	0	0	1
5	3.7105	3.6807	3.7133	3.7356	0	0	0	0	0	11.01.2019	3.7113	3.6943	3.73	3.6913	0.02	0	0	0	0	0
6	3.7113	3.7105	3.6807	3.7133	3.7356	0	0	0	0	14.01.2019	3.6991	3.7121	3.7357	3.6846	-0.33	3.7084	0	0	0	1
7	3.6991	3.7113	3.7105	3.6807	3.7133	3.7356	0	0	0	15.01.2019	3.7172	3.7024	3.7325	3.6947	0.49	3.7054	0	0	0	1
8	3.7172	3.6991	3.7113	3.7105	3.6807	3.7133	3.7356	0	0	16.01.2019	3.7366	3.7151	3.7381	3.7084	0.52	3.7092	0	0	0	1
9	3.7366	3.7172	3.6991	3.7113	3.7105	3.6807	3.7133	3.7356	0	17.01.2019	3.7504	3.7329	3.7744	3.7262	0.37	3.7209	0	0	0	1
10	3.7504	3.7366	3.7172	3.6991	3.7113	3.7105	3.6807	3.7133	3.7356	18.01.2019	3.7517	3.748	3.7743	3.7285	0.03	3.7277	0	0	0	1
11	3.7517	3.7504	3.7366	3.7172	3.6991	3.7113	3.7105	3.6807	3.7133	21.01.2019	3.755	3.7609	3.7811	3.7541	0.09	3.7350	0	0	0	1
12	3.755	3.7517	3.7504	3.7366	3.7172	3.6991	3.7113	3.7105	3.6807	22.01.2019	3.8152	3.7545	3.8173	3.7457	1.60	3.7544	3.7314	0	0	0
13	3.8152	3.755	3.7517	3.7504	3.7366	3.7172	3.6991	3.7113	3.7105	23.01.2019	3.7663	3.7943	3.8134	3.7561	-1.28	3.7625	3.7339	0	0	1
14	3.7663	3.8152	3.755	3.7517	3.7504	3.7366	3.7172	3.6991	3.7113	24.01.2019	3.7733	3.7746	3.7955	3.7381	0.19	3.7687	3.7389	0	0	0
15	3.7733	3.7663	3.8152	3.755	3.7517	3.7504	3.7366	3.7172	3.6991	25.01.2019	3.7708	3.7713	3.7713	3.7708	-0.07	3.7721	3.7465	0	0	0
16	3.7708	3.7733	3.7663	3.8152	3.755	3.7517	3.7504	3.7366	3.7172	28.01.2019	3.7619	3.778	3.7878	3.75	-0.24	3.7738	3.7507	0	0	0
17	3.7619	3.7708	3.7733	3.7663	3.8152	3.755	3.7517	3.7504	3.7366	29.01.2019	3.7202	3.7617	3.7648	3.715	-1.11	3.7680	3.7515	0	0	0
18	3.7202	3.7619	3.7708	3.7733	3.7663	3.8152	3.755	3.7517	3.7504	30.01.2019	3.685	3.7205	3.7321	3.6741	-0.95	3.7463	3.7503	0	0	0
19	3.685	3.7202	3.7619	3.7708	3.7733	3.7663	3.8152	3.755	3.7517	31.01.2019	3.644	3.6865	3.6865	3.6358	-1.11	3.7259	3.7442	0	0	1
20	3.644	3.685	3.7202	3.7619	3.7708	3.7733	3.7663	3.8152	3.755	01.02.2019	3.6597	3.6455	3.6822	3.6376	0.43	3.7069	3.7378	0	0	1
21	3.6597	3.644	3.685	3.7202	3.7619	3.7708	3.7733	3.7663	3.8152	04.02.2019	3.6687	3.6597	3.6877	3.6592	0.25	3.6899	3.7310	0	0	1
22	3.6687	3.6597	3.644	3.685	3.7202	3.7619	3.7708	3.7733	3.7663	05.02.2019	3.6698	3.6637	3.6846	3.661	0.03	3.6746	3.7242	0	0	1
23	3.6698	3.6687	3.6597	3.644	3.685	3.7202	3.7619	3.7708	3.7733	06.02.2019	3.6983	3.6696	3.7161	3.6672	0.78	3.6709	3.7194	0	0	1
24	3.6983	3.6698	3.6687	3.6597	3.644	3.685	3.7202	3.7619	3.7708	07.02.2019	3.7167	3.6996	3.7375	3.699	0.50	3.6762	3.7112	3.7213	0	1
25	3.7167	3.6983	3.6698	3.6687	3.6597	3.644	3.685	3.7202	3.7619	08.02.2019	3.7292	3.7195	3.7477	3.7027	0.34	3.6904	3.7081	3.7210	0	1
26	3.7292	3.7167	3.6983	3.6698	3.6687	3.6597	3.644	3.685	3.7202	11.02.2019	3.7577	3.7312	3.7747	3.7274	0.76	3.7067	3.7068	3.7229	0	0
27	3.7577	3.7292	3.7167	3.6983	3.6698	3.6687	3.6597	3.644	3.685	12.02.2019	3.7098	3.7437	3.747	3.7021	-1.27	3.7136	3.7018	3.7241	0	1
28	3.7098	3.7577	3.7292	3.7167	3.6983	3.6698	3.6687	3.6597	3.644	13.02.2019	3.7544	3.7104	3.7619	3.7104	1.20	3.7277	3.7011	3.7259	0	0
29	3.7544	3.7098	3.7577	3.7292	3.7167	3.6983	3.6698	3.6687	3.6597	14.02.2019	3.7233	3.7514	3.7952	3.7137	-0.83	3.7319	3.7014	3.7264	0	0
30	3.7233	3.7544	3.7098	3.7577	3.7292	3.7167	3.6983	3.6698	3.6687	15.02.2019	3.7008	3.7203	3.7264	3.6983	-0.60	3.7292	3.7027	3.7265	0	1
31	3.7008	3.7233	3.7544	3.7098	3.7577	3.7292	3.7167	3.6983	3.6698	18.02.2019	3.7353	3.7012	3.7422	3.7012	0.93	3.7302	3.7103	3.7273	0	0
32	3.7353	3.7008	3.7233	3.7544	3.7098	3.7577	3.7292	3.7167	3.6983	19.02.2019	3.7231	3.7334	3.7449	3.7029	-0.33	3.7245	3.7156	3.7267	0	1
33	3.7231	3.7353	3.7008	3.7233	3.7544	3.7098	3.7577	3.7292	3.7167	20.02.2019	3.7277	3.7243	3.7372	3.69	0.12	3.7274	3.7205	3.7257	0	1
34	3.7277	3.7231	3.7353	3.7008	3.7233	3.7544	3.7098	3.7577	3.7292	21.02.2019	3.7696	3.7256	3.7721	3.7149	1.12	3.7300	3.7288	3.7265	0	0
35	3.7696	3.7277	3.7231	3.7353	3.7008	3.7233	3.7544	3.7098	3.7577	22.02.2019	3.7485	3.7683	3.7683	3.7262	-0.56	3.7342	3.7330	3.7262	0	1
36	3.7485	3.7696	3.7277	3.7231	3.7353	3.7008	3.7233	3.7544	3.7098	25.02.2019	3.7521	3.7468	3.7523	3.7193	0.10	3.7427	3.7360	3.7236	0	0
37	3.7521	3.7485	3.7696	3.7277	3.7231	3.7353	3.7008	3.7233	3.7544	26.02.2019	3.7489	3.7519	3.7666	3.7378	-0.09	3.7450	3.7376	3.7229	0	0
38	3.7489	3.7521	3.7485	3.7696	3.7277	3.7231	3.7353	3.7008	3.7233	27.02.2019	3.7287	3.7444	3.7478	3.7217	-0.54	3.7459	3.7352	3.7210	0	1
39	3.7287	3.7489	3.7521	3.7485	3.7696	3.7277	3.7231	3.7353	3.7008	28.02.2019	3.7514	3.7258	3.7592	3.7171	0.61	3.7499	3.7387	3.7202	0	1
40	3.7514	3.7287	3.7489	3.7521	3.7485	3.7696	3.7277	3.7231	3.7353	01.03.2019	3.7752	3.7511	3.7957	3.7456	0.63	3.7508	3.7404	3.7208	0	1
41	3.7752	3.7514	3.7287	3.7489	3.7521	3.7485	3.7696	3.7277	3.7231	04.03.2019	3.7755	3.7742	3.7755	3.7742	0.01	3.7553	3.7447	3.7231	0	0
42	3.7755	3.7752	3.7514	3.7287	3.7489	3.7521	3.7485	3.7696	3.7277	05.03.2019	3.7755	3.7755	3.7755	3.7755	0.00	3.7592	3.7510	3.7268	0	1
43	3.7755	3.7755	3.7752	3.7514	3.7287	3.7489	3.7521	3.7485	3.7696	06.03.2019	3.8401	3.7763	3.8451	3.7746	1.71	3.7744	3.7597	3.7350	0	1
44	3.8401	3.7755	3.7755	3.7752	3.7514	3.7287	3.7489	3.7521	3.7485	07.03.2019	3.8704	3.8405	3.9028	3.8159	0.79	3.7980	3.7720	3.7438	0	0
45	3.8704	3.8401	3.7755	3.7755	3.7752	3.7514	3.7287	3.7489	3.7521	08.03.2019	3.8668	3.8708	3.9032	3.8493	-0.09	3.8173	3.7836	3.7520	0	0
46	3.8668	3.8704	3.8401	3.7755	3.7755	3.7752	3.7514	3.7287	3.7489	11.03.2019	3.8403	3.8678	3.8685	3.8342	-0.69	3.8281	3.7895	3.7591	0	0
47	3.8403	3.8668	3.8704	3.8401	3.7755	3.7755	3.7752	3.7514	3.7287	12.03.2019	3.8114	3.8399	3.8445	3.8009	-0.75	3.8341	3.7947	3.7639	0	1
48	3.8114	3.8403	3.8668	3.8704	3.8401	3.7755	3.7755	3.7752	3.7514	13.03.2019	3.8147	3.8113	3.8352	3.7995	0.09	3.8406	3.7999	3.7679	3.7446	1
49	3.8147	3.8114	3.8403	3.8668	3.8704	3.8401	3.7755	3.7755	3.7752	14.03.2019	3.8443	3.8157	3.8556	3.8142	0.78	3.8413	3.8079	3.7727	3.7469	0
50	3.8443	3.8147	3.8114	3.8403	3.8668	3.8704	3.8401	3.7755	3.7755	15.03.2019	3.8144	3.8453	3.8725	3.8081	-0.78	3.8320	3.8150	3.7751	3.7490	0
51	3.8144	3.8443	3.8147	3.8114	3.8403	3.8668	3.8704	3.8401	3.7755	18.03.2019	3.7915	3.8161	3.8277	3.7832	-0.60	3.8194	3.8183	3.7785	3.7513	0
52	3.7915	3.8144	3.8443	3.8147	3.8114	3.8403	3.8668	3.8704	3.8401	19.03.2019	3.7891	3.7912	3.8001	3.7647	-0.06	3.8109	3.8195	3.7799	3.7529	0
53	3.7891	3.7915	3.8144	3.8443	3.8147	3.8114	3.8403	3.8668	3.8704	20.03.2019	3.7763	3.7921	3.7994	3.7386	-0.34	3.8051	3.8196	3.7822	3.7543	1
54	3.7763	3.7891	3.7915	3.8144	3.8443	3.8147	3.8114	3.8403	3.8668	21.03.2019	3.793	3.7761	3.8382	3.7639	0.44	3.8014	3.8210	3.7860	3.7562	1
55	3.793	3.7763	3.7891	3.7915	3.8144	3.8443	3.8147	3.8114	3.8403	22.03.2019	3.9071	3.7928	3.9169	3.7928	3.01	3.8119	3.8266	3.7932	3.7602	0
56	3.9071	3.793	3.7763	3.7891	3.7915	3.8144	3.8443	3.8147	3.8114	25.03.2019	3.8544	3.9047	3.9374	3.8438	-1.35	3.8186	3.8253	3.7986	3.7627	1
57	3.8544	3.9071	3.793	3.7763	3.7891	3.7915	3.8144	3.8443	3.8147	26.03.2019	3.8773	3.8529	3.8794	3.8333	0.59	3.8329	3.8262	3.8049	3.7653	1
58	3.8773	3.8544	3.9071	3.793	3.7763	3.7891	3.7915	3.8144	3.8443	27.03.2019	3.9935	3.8739	4.0019	3.8725	3.00	3.8669	3.8389	3.8142	3.7703	0
59	3.9935	3.8773	3.8544	3.9071	3.793	3.7763	3.7891	3.7915	3.8144	28.03.2019	3.901	3.9927	4.0159	3.8982	-2.32	3.8877	3.8464	3.8205	3.7734	1
60	3.901	3.9935	3.8773	3.8544	3.9071	3.793	3.7763	3.7891	3.7915	29.03.2019	3.9247	3.9016	3.9347	3.8679	0.61	3.9097	3.8556	3.8277	3.7757	0
61	3.9247	3.901	3.9935	3.8773	3.8544	3.9071	3.793	3.7763	3.7891	01.04.2019	3.8518	3.8897	3.8932	3.8492	-1.86	3.9005	3.8562	3.8320	3.7774	1
62	3.8518	3.9247	3.901	3.9935	3.8773	3.8544	3.9071	3.793	3.7763	02.04.2019	3.8537	3.8523	3.88	3.8483	0.05	3.9003	3.8595	3.8372	3.7791	1
63	3.8537	3.8518	3.9247	3.901	3.9935	3.8773	3.8544	3.9071	3.793	03.04.2019	3.87	3.8538	3.8824	3.8327	0.42	3.8991	3.8660	3.8422	3.7812	0
64	3.87	3.8537	3.8518	3.9247	3.901	3.9935	3.8773	3.8544	3.9071	04.04.2019	3.859	3.8708	3.8876	3.8472	-0.28	3.8767	3.8718	3.8457	3.7832	1
65	3.859	3.87	3.8537	3.8518	3.9247	3.901	3.9935	3.8773	3.8544	05.04.2019	3.8735	3.8589	3.8766	3.8415	0.38	3.8721	3.8799	3.8497	3.7864	0
66	3.8735	3.859	3.87	3.8537	3.8518	3.9247	3.901	3.9935	3.8773	08.04.2019	3.8495	3.872	3.8773	3.8415	-0.62	3.8596	3.8846	3.8528	3.7898	1
67	3.8495	3.8735	3.859	3.87	3.8537	3.8518	3.9247	3.901	3.9935	09.04.2019	3.851	3.85	3.8649	3.8462	0.04	3.8595	3.8800	3.8533	3.7941	0
68	3.851	3.8495	3.8735	3.859	3.87	3.8537	3.8518	3.9247	3.901	10.04.2019	3.8251	3.8511	3.8542	3.8144	-0.67	3.8547	3.8775	3.8514	3.7976	1
69	3.8251	3.851	3.8495	3.8735	3.859	3.87	3.8537	3.8518	3.9247	11.04.2019	3.8582	3.8264	3.8636	3.8264	0.87	3.8527	3.8759	3.8510	3.8015	1
70	3.8582	3.8251	3.851	3.8495	3.8735	3.859	3.87	3.8537	3.8518	12.04.2019	3.8819	3.8584	3.908	3.8575	0.61	3.8565	3.8666	3.8528	3.8060	0
71	3.8819	3.8582	3.8251	3.851	3.8495	3.8735	3.859	3.87	3.8537	15.04.2019	3.8723	3.8811	3.8908	3.8588	-0.25	3.8563	3.8642	3.8553	3.8096	1
72	3.8723	3.8819	3.8582	3.8251	3.851	3.8495	3.8735	3.859	3.87	16.04.2019	3.904	3.873	3.9085	3.8687	0.82	3.8654	3.8625	3.8590	3.8135	1
73	3.904	3.8723	3.8819	3.8582	3.8251	3.851	3.8495	3.8735	3.859	17.04.2019	3.9382	3.9052	3.9477	3.8859	0.88	3.8800	3.8697	3.8629	3.8178	0
74	3.9382	3.904	3.8723	3.8819	3.8582	3.8251	3.851	3.8495	3.8735	18.04.2019	3.9274	3.9409	3.9522	3.9047	-0.27	3.8970	3.8758	3.8676	3.8214	1
75	3.9274	3.9382	3.904	3.8723	3.8819	3.8582	3.8251	3.851	3.8495	19.04.2019	3.9275	3.9275	3.9275	3.9275	0.00	3.9086	3.8806	3.8733	3.8259	1
76	3.9275	3.9274	3.9382	3.904	3.8723	3.8819	3.8582	3.8251	3.851	22.04.2019	3.9365	3.9268	3.9394	3.9127	0.23	3.9177	3.8871	3.8795	3.8297	0
77	3.9365	3.9275	3.9274	3.9382	3.904	3.8723	3.8819	3.8582	3.8251	23.04.2019	3.9211	3.937	3.9648	3.9131	-0.39	3.9258	3.8911	3.8855	3.8338	1
78	3.9211	3.9365	3.9275	3.9274	3.9382	3.904	3.8723	3.8819	3.8582	24.04.2019	3.9927	3.9204	3.9942	3.9185	1.83	3.9406	3.9030	3.8938	3.8399	0
79	3.9927	3.9211	3.9365	3.9275	3.9274	3.9382	3.904	3.8723	3.8819	25.04.2019	3.9542	3.9918	4.0071	3.9467	-0.96	3.9432	3.9116	3.8958	3.8445	0
80	3.9542	3.9927	3.9211	3.9365	3.9275	3.9274	3.9382	3.904	3.8723	26.04.2019	3.9293	3.9505	3.9758	3.9194	-0.63	3.9436	3.9203	3.8989	3.8488	1
81	3.9293	3.9542	3.9927	3.9211	3.9365	3.9275	3.9274	3.9382	3.904	29.04.2019	3.9456	3.9304	3.9466	3.9214	0.41	3.9466	3.9276	3.9017	3.8533	0
82	3.9456	3.9293	3.9542	3.9927	3.9211	3.9365	3.9275	3.9274	3.9382	30.04.2019	3.9215	3.9453	3.9573	3.9127	-0.61	3.9441	3.9309	3.8987	3.8565	0
83	3.9215	3.9456	3.9293	3.9542	3.9927	3.9211	3.9365	3.9275	3.9274	01.05.2019	3.9202	3.9201	3.922	3.9182	-0.03	3.9439	3.9349	3.8995	3.8600	1
84	3.9202	3.9215	3.9456	3.9293	3.9542	3.9927	3.9211	3.9365	3.9275	02.05.2019	3.9661	3.9198	3.9722	3.9181	1.17	3.9395	3.9400	3.9013	3.8645	0
85	3.9661	3.9202	3.9215	3.9456	3.9293	3.9542	3.9927	3.9211	3.9365	03.05.2019	3.9382	3.9669	3.9684	3.9304	-0.70	3.9368	3.9400	3.9049	3.8684	1
86	3.9382	3.9661	3.9202	3.9215	3.9456	3.9293	3.9542	3.9927	3.9211	06.05.2019	3.9695	3.9386	3.9754	3.9386	0.79	3.9435	3.9435	3.9097	3.8735	1
87	3.9695	3.9382	3.9661	3.9202	3.9215	3.9456	3.9293	3.9542	3.9927	07.05.2019	3.971	3.971	4.0006	3.964	0.04	3.9478	3.9472	3.9139	3.8780	0
88	3.971	3.9695	3.9382	3.9661	3.9202	3.9215	3.9456	3.9293	3.9542	08.05.2019	3.9285	3.9708	3.9781	3.9251	-1.07	3.9489	3.9465	3.9168	3.8812	1
89	3.9285	3.971	3.9695	3.9382	3.9661	3.9202	3.9215	3.9456	3.9293	09.05.2019	3.9466	3.9283	3.9818	3.9283	0.46	3.9533	3.9486	3.9198	3.8848	1
90	3.9466	3.9285	3.971	3.9695	3.9382	3.9661	3.9202	3.9215	3.9456	10.05.2019	3.9572	3.947	3.9736	3.9363	0.27	3.9518	3.9457	3.9243	3.8886	1
91	3.9572	3.9466	3.9285	3.971	3.9695	3.9382	3.9661	3.9202	3.9215	13.05.2019	3.9939	3.9771	4.0057	3.9733	0.93	3.9611	3.9490	3.9303	3.8918	0
92	3.9939	3.9572	3.9466	3.9285	3.971	3.9695	3.9382	3.9661	3.9202	14.05.2019	3.9751	3.9926	3.9952	3.9661	-0.47	3.9621	3.9528	3.9365	3.8940	1
93	3.9751	3.9939	3.9572	3.9466	3.9285	3.971	3.9695	3.9382	3.9661	15.05.2019	4.0017	3.9765	4.0218	3.9735	0.67	3.9672	3.9575	3.9425	3.8968	1
94	4.0017	3.9751	3.9939	3.9572	3.9466	3.9285	3.971	3.9695	3.9382	16.05.2019	4.0469	4.0014	4.0542	3.9933	1.13	3.9869	3.9679	3.9494	3.9011	1
95	4.0469	4.0017	3.9751	3.9939	3.9572	3.9466	3.9285	3.971	3.9695	17.05.2019	4.0999	4.048	4.1129	4.0472	1.31	4.0125	3.9829	3.9589	3.9071	0
96	4.0999	4.0469	4.0017	3.9751	3.9939	3.9572	3.9466	3.9285	3.971	20.05.2019	4.0968	4.1014	4.1217	4.0774	-0.08	4.0357	3.9938	3.9669	3.9130	0
97	4.0968	4.0999	4.0469	4.0017	3.9751	3.9939	3.9572	3.9466	3.9285	21.05.2019	4.039	4.0966	4.1136	4.0329	-1.41	4.0432	4.0022	3.9711	3.9170	1
98	4.039	4.0968	4.0999	4.0469	4.0017	3.9751	3.9939	3.9572	3.9466	22.05.2019	4.0403	4.0384	4.053	4.0062	0.03	4.0541	4.0081	3.9758	3.9217	0
99	4.0403	4.039	4.0968	4.0999	4.0469	4.0017	3.9751	3.9939	3.9572	23.05.2019	4.0401	4.0405	4.0717	4.0255	0.00	4.0605	4.0138	3.9805	3.9269	0
100	4.0401	4.0403	4.039	4.0968	4.0999	4.0469	4.0017	3.9751	3.9939	24.05.2019	4.0225	4.0426	4.0485	4.0092	-0.44	4.0564	4.0217	3.9841	3.9318	1
101	4.0225	4.0401	4.0403	4.039	4.0968	4.0999	4.0469	4.0017	3.9751	27.05.2019	4.0423	4.0134	4.0441	4.0042	0.49	4.0468	4.0296	3.9891	3.9373	0
102	4.0423	4.0225	4.0401	4.0403	4.039	4.0968	4.0999	4.0469	4.0017	28.05.2019	4.0247	4.0432	4.0539	4.0101	-0.44	4.0348	4.0353	3.9905	3.9421	0
103	4.0247	4.0423	4.0225	4.0401	4.0403	4.039	4.0968	4.0999	4.0469	29.05.2019	3.9747	4.0247	4.0408	3.9678	-1.24	4.0241	4.0337	3.9913	3.9435	1
104	3.9747	4.0247	4.0423	4.0225	4.0401	4.0403	4.039	4.0968	4.0999	30.05.2019	3.9818	3.9743	3.9931	3.9542	0.18	4.0144	4.0342	3.9935	3.9462	0
105	3.9818	3.9747	4.0247	4.0423	4.0225	4.0401	4.0403	4.039	4.0968	31.05.2019	3.9228	3.9802	3.9988	3.909	-1.48	3.9948	4.0277	3.9926	3.9471	0
106	3.9228	3.9818	3.9747	4.0247	4.0423	4.0225	4.0401	4.0403	4.039	03.06.2019	3.8859	3.9233	3.9349	3.8823	-0.94	3.9720	4.0142	3.9911	3.9449	0
107	3.8859	3.9228	3.9818	3.9747	4.0247	4.0423	4.0225	4.0401	4.0403	04.06.2019	3.8548	3.8857	3.8899	3.8485	-0.80	3.9408	3.9938	3.9883	3.9439	1
108	3.8548	3.8859	3.9228	3.9818	3.9747	4.0247	4.0423	4.0225	4.0401	05.06.2019	3.8811	3.8569	3.9036	3.8357	0.68	3.9169	3.9758	3.9848	3.9430	0
109	3.8811	3.8548	3.8859	3.9228	3.9818	3.9747	4.0247	4.0423	4.0225	06.06.2019	3.8798	3.8813	3.8878	3.8563	-0.03	3.9010	3.9626	3.9824	3.9436	0
110	3.8798	3.8811	3.8548	3.8859	3.9228	3.9818	3.9747	4.0247	4.0423	07.06.2019	3.8789	3.8806	3.8864	3.8505	-0.02	3.8839	3.9491	3.9786	3.9441	1
111	3.8789	3.8798	3.8811	3.8548	3.8859	3.9228	3.9818	3.9747	4.0247	10.06.2019	3.8887	3.8763	3.9003	3.8674	0.25	3.8782	3.9365	3.9752	3.9445	0
112	3.8887	3.8789	3.8798	3.8811	3.8548	3.8859	3.9228	3.9818	3.9747	11.06.2019	3.8571	3.887	3.887	3.842	-0.81	3.8734	3.9227	3.9722	3.9445	1
113	3.8571	3.8887	3.8789	3.8798	3.8811	3.8548	3.8859	3.9228	3.9818	12.06.2019	3.8672	3.8573	3.8723	3.8293	0.26	3.8755	3.9081	3.9689	3.9444	0
114	3.8672	3.8571	3.8887	3.8789	3.8798	3.8811	3.8548	3.8859	3.9228	13.06.2019	3.8487	3.867	3.8675	3.8342	-0.48	3.8701	3.8935	3.9644	3.9443	1
115	3.8487	3.8672	3.8571	3.8887	3.8789	3.8798	3.8811	3.8548	3.8859	14.06.2019	3.8958	3.8491	3.9135	3.8479	1.22	3.8727	3.8869	3.9603	3.9453	0
116	3.8958	3.8487	3.8672	3.8571	3.8887	3.8789	3.8798	3.8811	3.8548	17.06.2019	3.8883	3.8967	3.9245	3.8792	-0.19	3.8743	3.8791	3.9567	3.9466	0
117	3.8883	3.8958	3.8487	3.8672	3.8571	3.8887	3.8789	3.8798	3.8811	18.06.2019	3.8603	3.8899	3.8899	3.8489	-0.72	3.8696	3.8739	3.9508	3.9466	0
118	3.8603	3.8883	3.8958	3.8487	3.8672	3.8571	3.8887	3.8789	3.8798	19.06.2019	3.839	3.8603	3.884	3.8376	-0.55	3.8666	3.8700	3.9421	3.9457	0
119	3.839	3.8603	3.8883	3.8958	3.8487	3.8672	3.8571	3.8887	3.8789	20.06.2019	3.839	3.8387	3.8397	3.8387	0.00	3.8619	3.8687	3.9312	3.9451	0
120	3.839	3.839	3.8603	3.8883	3.8958	3.8487	3.8672	3.8571	3.8887	21.06.2019	3.8192	3.8313	3.8458	3.8119	-0.52	3.8569	3.8635	3.9197	3.9433	1
121	3.8192	3.839	3.839	3.8603	3.8883	3.8958	3.8487	3.8672	3.8571	24.06.2019	3.8254	3.8216	3.8381	3.8065	0.16	3.8452	3.8590	3.9108	3.9409	1
122	3.8254	3.8192	3.839	3.839	3.8603	3.8883	3.8958	3.8487	3.8672	25.06.2019	3.848	3.8264	3.859	3.8182	0.59	3.8385	3.8564	3.9028	3.9393	0
123	3.848	3.8254	3.8192	3.839	3.839	3.8603	3.8883	3.8958	3.8487	26.06.2019	3.8445	3.8481	3.859	3.8314	-0.09	3.8359	3.8527	3.8946	3.9376	0
124	3.8445	3.848	3.8254	3.8192	3.839	3.839	3.8603	3.8883	3.8958	27.06.2019	3.8196	3.8461	3.8728	3.8171	-0.65	3.8326	3.8496	3.8862	3.9351	1
125	3.8196	3.8445	3.848	3.8254	3.8192	3.839	3.839	3.8603	3.8883	28.06.2019	3.852	3.8189	3.852	3.8128	0.85	3.8348	3.8483	3.8782	3.9337	0
126	3.852	3.8196	3.8445	3.848	3.8254	3.8192	3.839	3.839	3.8603	01.07.2019	3.8405	3.8375	3.8488	3.8086	-0.30	3.8383	3.8476	3.8705	3.9305	1
127	3.8405	3.852	3.8196	3.8445	3.848	3.8254	3.8192	3.839	3.839	02.07.2019	3.8456	3.8412	3.8813	3.8182	0.13	3.8417	3.8435	3.8652	3.9282	0
128	3.8456	3.8405	3.852	3.8196	3.8445	3.848	3.8254	3.8192	3.839	03.07.2019	3.8272	3.8468	3.8758	3.815	-0.48	3.8382	3.8384	3.8587	3.9261	0
129	3.8272	3.8456	3.8405	3.852	3.8196	3.8445	3.848	3.8254	3.8192	04.07.2019	3.8011	3.8266	3.8293	3.7828	-0.68	3.8310	3.8334	3.8537	3.9231	1
130	3.8011	3.8272	3.8456	3.8405	3.852	3.8196	3.8445	3.848	3.8254	05.07.2019	3.8221	3.8024	3.8386	3.7976	0.55	3.8314	3.8320	3.8510	3.9210	0
131	3.8221	3.8011	3.8272	3.8456	3.8405	3.852	3.8196	3.8445	3.848	08.07.2019	3.8073	3.816	3.8179	3.7991	-0.39	3.8240	3.8294	3.8490	3.9187	0
132	3.8073	3.8221	3.8011	3.8272	3.8456	3.8405	3.852	3.8196	3.8445	09.07.2019	3.8005	3.8076	3.8076	3.8005	-0.18	3.8173	3.8278	3.8457	3.9152	0
133	3.8005	3.8073	3.8221	3.8011	3.8272	3.8456	3.8405	3.852	3.8196	10.07.2019	3.7546	3.7883	3.7942	3.7496	-1.21	3.8021	3.8219	3.8404	3.9114	1
134	3.7546	3.8005	3.8073	3.8221	3.8011	3.8272	3.8456	3.8405	3.852	11.07.2019	3.7551	3.7549	3.7675	3.7346	0.01	3.7901	3.8142	3.8353	3.9069	0
135	3.7551	3.7546	3.8005	3.8073	3.8221	3.8011	3.8272	3.8456	3.8405	12.07.2019	3.7373	3.7577	3.7644	3.7304	-0.47	3.7795	3.8052	3.8290	3.9021	1
136	3.7373	3.7551	3.7546	3.8005	3.8073	3.8221	3.8011	3.8272	3.8456	15.07.2019	3.7567	3.7367	3.7588	3.7281	0.52	3.7686	3.8000	3.8248	3.8985	1
137	3.7567	3.7373	3.7551	3.7546	3.8005	3.8073	3.8221	3.8011	3.8272	16.07.2019	3.7687	3.7559	3.7717	3.7515	0.32	3.7622	3.7931	3.8207	3.8948	0
138	3.7687	3.7567	3.7373	3.7551	3.7546	3.8005	3.8073	3.8221	3.8011	17.07.2019	3.7641	3.7692	3.7692	3.7542	-0.12	3.7561	3.7867	3.8172	3.8908	0
139	3.7641	3.7687	3.7567	3.7373	3.7551	3.7546	3.8005	3.8073	3.8221	18.07.2019	3.7193	3.7645	3.7645	3.7178	-1.19	3.7502	3.7762	3.8098	3.8850	1
140	3.7193	3.7641	3.7687	3.7567	3.7373	3.7551	3.7546	3.8005	3.8073	19.07.2019	3.7494	3.7199	3.755	3.7199	0.81	3.7493	3.7697	3.8040	3.8803	0
141	3.7494	3.7193	3.7641	3.7687	3.7567	3.7373	3.7551	3.7546	3.8005	22.07.2019	3.7407	3.7456	3.7481	3.7288	-0.23	3.7498	3.7647	3.7990	3.8749	1
142	3.7407	3.7494	3.7193	3.7641	3.7687	3.7567	3.7373	3.7551	3.7546	23.07.2019	3.7737	3.7405	3.7794	3.7402	0.88	3.7527	3.7606	3.7963	3.8692	0
143	3.7737	3.7407	3.7494	3.7193	3.7641	3.7687	3.7567	3.7373	3.7551	24.07.2019	3.7736	3.775	3.7797	3.752	0.00	3.7535	3.7578	3.7936	3.8624	1
144	3.7736	3.7737	3.7407	3.7494	3.7193	3.7641	3.7687	3.7567	3.7373	25.07.2019	3.779	3.7744	3.8068	3.7546	0.14	3.7560	3.7560	3.7919	3.8558	0
145	3.779	3.7736	3.7737	3.7407	3.7494	3.7193	3.7641	3.7687	3.7567	26.07.2019	3.7761	3.7795	3.7946	3.7593	-0.08	3.7654	3.7578	3.7899	3.8503	1
146	3.7761	3.779	3.7736	3.7737	3.7407	3.7494	3.7193	3.7641	3.7687	29.07.2019	3.7816	3.775	3.8007	3.775	0.15	3.7708	3.7600	3.7871	3.8449	1
147	3.7816	3.7761	3.779	3.7736	3.7737	3.7407	3.7494	3.7193	3.7641	30.07.2019	3.7906	3.7824	3.8	3.7751	0.24	3.7791	3.7645	3.7849	3.8397	1
148	3.7906	3.7816	3.7761	3.779	3.7736	3.7737	3.7407	3.7494	3.7193	31.07.2019	3.8129	3.7897	3.8236	3.7474	0.59	3.7856	3.7691	3.7846	3.8354	1
149	3.8129	3.7906	3.7816	3.7761	3.779	3.7736	3.7737	3.7407	3.7494	01.08.2019	3.8403	3.8165	3.8618	3.8115	0.72	3.7968	3.7751	3.7841	3.8312	1
150	3.8403	3.8129	3.7906	3.7816	3.7761	3.779	3.7736	3.7737	3.7407	02.08.2019	3.8893	3.8411	3.8937	3.8397	1.28	3.8151	3.7855	3.7861	3.8283	1
151	3.8893	3.8403	3.8129	3.7906	3.7816	3.7761	3.779	3.7736	3.7737	05.08.2019	3.9783	3.8859	3.9786	3.8859	2.29	3.8488	3.8071	3.7916	3.8284	0
152	3.9783	3.8893	3.8403	3.8129	3.7906	3.7816	3.7761	3.779	3.7736	06.08.2019	3.9612	3.9758	3.9866	3.9356	-0.43	3.8788	3.8248	3.7972	3.8280	1
153	3.9612	3.9783	3.8893	3.8403	3.8129	3.7906	3.7816	3.7761	3.779	07.08.2019	3.9691	3.9619	3.9931	3.9449	0.20	3.9085	3.8438	3.8042	3.8289	0
154	3.9691	3.9612	3.9783	3.8893	3.8403	3.8129	3.7906	3.7816	3.7761	08.08.2019	3.9199	3.9694	3.9703	3.9184	-1.24	3.9264	3.8560	3.8083	3.8297	1
155	3.9199	3.9691	3.9612	3.9783	3.8893	3.8403	3.8129	3.7906	3.7816	09.08.2019	3.9416	3.9203	3.9504	3.92	0.55	3.9432	3.8700	3.8139	3.8315	1
156	3.9416	3.9199	3.9691	3.9612	3.9783	3.8893	3.8403	3.8129	3.7906	12.08.2019	3.9855	3.9393	4.0126	3.9382	1.11	3.9593	3.8872	3.8216	3.8336	0
157	3.9855	3.9416	3.9199	3.9691	3.9612	3.9783	3.8893	3.8403	3.8129	13.08.2019	3.966	3.9862	4.0136	3.9454	-0.49	3.9572	3.9030	3.8304	3.8354	1
158	3.966	3.9855	3.9416	3.9199	3.9691	3.9612	3.9783	3.8893	3.8403	14.08.2019	4.0526	3.9639	4.0539	3.9624	2.18	3.9725	3.9256	3.8428	3.8390	0
159	4.0526	3.966	3.9855	3.9416	3.9199	3.9691	3.9612	3.9783	3.8893	15.08.2019	3.991	4.0503	4.0515	3.9785	-1.52	3.9761	3.9423	3.8534	3.8412	1
160	3.991	4.0526	3.966	3.9855	3.9416	3.9199	3.9691	3.9612	3.9783	16.08.2019	4.0058	3.9918	4.008	3.9749	0.37	3.9904	3.9584	3.8638	3.8443	1
161	4.0058	3.991	4.0526	3.966	3.9855	3.9416	3.9199	3.9691	3.9612	19.08.2019	4.0743	4.0023	4.0758	3.9897	1.71	4.0125	3.9779	3.8765	3.8486	0
162	4.0743	4.0058	3.991	4.0526	3.966	3.9855	3.9416	3.9199	3.9691	20.08.2019	4.0542	4.0754	4.0761	4.0268	-0.49	4.0240	3.9916	3.8886	3.8529	0
163	4.0542	4.0743	4.0058	3.991	4.0526	3.966	3.9855	3.9416	3.9199	21.08.2019	4.0269	4.0546	4.0551	4.0129	-0.67	4.0341	3.9957	3.9014	3.8556	1
164	4.0269	4.0542	4.0743	4.0058	3.991	4.0526	3.966	3.9855	3.9416	22.08.2019	4.0706	4.0263	4.0812	4.016	1.09	4.0371	4.0048	3.9148	3.8594	1
165	4.0706	4.0269	4.0542	4.0743	4.0058	3.991	4.0526	3.966	3.9855	23.08.2019	4.1198	4.0704	4.132	4.0492	1.21	4.0586	4.0174	3.9306	3.8648	1
166	4.1198	4.0706	4.0269	4.0542	4.0743	4.0058	3.991	4.0526	3.966	26.08.2019	4.1571	4.1193	4.1691	4.1022	0.91	4.0838	4.0371	3.9466	3.8714	0
167	4.1571	4.1198	4.0706	4.0269	4.0542	4.0743	4.0058	3.991	4.0526	27.08.2019	4.1311	4.1579	4.1954	4.1212	-0.63	4.0933	4.0529	3.9615	3.8775	1
168	4.1311	4.1571	4.1198	4.0706	4.0269	4.0542	4.0743	4.0058	3.991	28.08.2019	4.1682	4.1265	4.169	4.1265	0.90	4.1123	4.0681	3.9777	3.8848	1
169	4.1682	4.1311	4.1571	4.1198	4.0706	4.0269	4.0542	4.0743	4.0058	29.08.2019	4.1688	4.1692	4.1776	4.1414	0.01	4.1359	4.0850	3.9940	3.8919	0
170	4.1688	4.1682	4.1311	4.1571	4.1198	4.0706	4.0269	4.0542	4.0743	30.08.2019	4.1453	4.1699	4.1715	4.1197	-0.56	4.1484	4.0928	4.0092	3.8981	1
171	4.1453	4.1688	4.1682	4.1311	4.1571	4.1198	4.0706	4.0269	4.0542	02.09.2019	4.1871	4.1444	4.1901	4.1414	1.01	4.1596	4.1091	4.0257	3.9053	0
172	4.1871	4.1453	4.1688	4.1682	4.1311	4.1571	4.1198	4.0706	4.0269	03.09.2019	4.1681	4.186	4.186	4.1497	-0.45	4.1614	4.1226	4.0405	3.9125	0
173	4.1681	4.1871	4.1453	4.1688	4.1682	4.1311	4.1571	4.1198	4.0706	04.09.2019	4.095	4.1674	4.1677	4.0888	-1.75	4.1554	4.1244	4.0511	3.9176	1
174	4.095	4.1681	4.1871	4.1453	4.1688	4.1682	4.1311	4.1571	4.1198	05.09.2019	4.1094	4.096	4.1159	4.0704	0.35	4.1456	4.1290	4.0603	3.9232	0
175	4.1094	4.095	4.1681	4.1871	4.1453	4.1688	4.1682	4.1311	4.1571	06.09.2019	4.0618	4.1094	4.1094	4.0531	-1.16	4.1278	4.1319	4.0638	3.9277	1
176	4.0618	4.1094	4.095	4.1681	4.1871	4.1453	4.1688	4.1682	4.1311	09.09.2019	4.0953	4.0639	4.105	4.048	0.82	4.1195	4.1339	4.0694	3.9333	0
177	4.0953	4.0618	4.1094	4.095	4.1681	4.1871	4.1453	4.1688	4.1682	10.09.2019	4.0808	4.0963	4.1302	4.0793	-0.35	4.1017	4.1307	4.0740	3.9391	0
178	4.0808	4.0953	4.0618	4.1094	4.095	4.1681	4.1871	4.1453	4.1688	11.09.2019	4.068	4.0814	4.0928	4.0507	-0.31	4.0851	4.1232	4.0802	3.9442	0
179	4.068	4.0808	4.0953	4.0618	4.1094	4.095	4.1681	4.1871	4.1453	12.09.2019	4.0608	4.0682	4.0712	4.0266	-0.18	4.0794	4.1174	4.0851	3.9495	1
180	4.0608	4.068	4.0808	4.0953	4.0618	4.1094	4.095	4.1681	4.1871	13.09.2019	4.0849	4.0615	4.0959	4.0429	0.59	4.0753	4.1104	4.0893	3.9554	0
181	4.0849	4.0608	4.068	4.0808	4.0953	4.0618	4.1094	4.095	4.1681	16.09.2019	4.081	4.0854	4.107	4.0745	-0.10	4.0785	4.1031	4.0941	3.9622	0
182	4.081	4.0849	4.0608	4.068	4.0808	4.0953	4.0618	4.1094	4.095	17.09.2019	4.0777	4.0944	4.117	4.0708	-0.08	4.0755	4.0975	4.0951	3.9690	1
183	4.0777	4.081	4.0849	4.0608	4.068	4.0808	4.0953	4.0618	4.1094	18.09.2019	4.1112	4.0779	4.1147	4.0726	0.82	4.0806	4.0912	4.1001	3.9768	1
184	4.1112	4.0777	4.081	4.0849	4.0608	4.068	4.0808	4.0953	4.0618	19.09.2019	4.1678	4.1109	4.1688	4.1076	1.38	4.0972	4.0911	4.1069	3.9853	0
185	4.1678	4.1112	4.0777	4.081	4.0849	4.0608	4.068	4.0808	4.0953	20.09.2019	4.148	4.1678	4.1841	4.146	-0.48	4.1118	4.0956	4.1100	3.9932	1
186	4.148	4.1678	4.1112	4.0777	4.081	4.0849	4.0608	4.068	4.0808	23.09.2019	4.1638	4.1495	4.1849	4.1447	0.38	4.1249	4.1001	4.1145	4.0016	1
187	4.1638	4.148	4.1678	4.1112	4.0777	4.081	4.0849	4.0608	4.068	24.09.2019	4.165	4.1643	4.1842	4.1531	0.03	4.1389	4.1087	4.1203	4.0108	0
188	4.165	4.1638	4.148	4.1678	4.1112	4.0777	4.081	4.0849	4.0608	25.09.2019	4.149	4.1649	4.1955	4.1448	-0.38	4.1508	4.1132	4.1235	4.0192	1
189	4.149	4.165	4.1638	4.148	4.1678	4.1112	4.0777	4.081	4.0849	26.09.2019	4.1711	4.1475	4.1733	4.1208	0.53	4.1608	4.1207	4.1257	4.0281	0
190	4.1711	4.149	4.165	4.1638	4.148	4.1678	4.1112	4.0777	4.081	27.09.2019	4.1602	4.1706	4.1712	4.1437	-0.26	4.1595	4.1284	4.1258	4.0362	0
191	4.1602	4.1711	4.149	4.165	4.1638	4.148	4.1678	4.1112	4.0777	30.09.2019	4.1556	4.1618	4.172	4.1411	-0.11	4.1608	4.1363	4.1268	4.0441	1
192	4.1556	4.1602	4.1711	4.149	4.165	4.1638	4.148	4.1678	4.1112	01.10.2019	4.159	4.1575	4.1863	4.1524	0.08	4.1600	4.1425	4.1264	4.0521	0
193	4.159	4.1556	4.1602	4.1711	4.149	4.165	4.1638	4.148	4.1678	02.10.2019	4.1293	4.158	4.1821	4.127	-0.71	4.1540	4.1465	4.1248	4.0594	0
194	4.1293	4.159	4.1556	4.1602	4.1711	4.149	4.165	4.1638	4.148	03.10.2019	4.0841	4.1296	4.1306	4.0743	-1.09	4.1432	4.1470	4.1223	4.0657	0
195	4.0841	4.1293	4.159	4.1556	4.1602	4.1711	4.149	4.165	4.1638	04.10.2019	4.0556	4.0845	4.0856	4.0496	-0.70	4.1240	4.1424	4.1168	4.0712	1
196	4.0556	4.0841	4.1293	4.159	4.1556	4.1602	4.1711	4.149	4.165	07.10.2019	4.1071	4.0563	4.1095	4.056	1.27	4.1151	4.1373	4.1142	4.0774	0
197	4.1071	4.0556	4.0841	4.1293	4.159	4.1556	4.1602	4.1711	4.149	08.10.2019	4.0954	4.1074	4.1137	4.0739	-0.28	4.1051	4.1329	4.1142	4.0827	1
198	4.0954	4.1071	4.0556	4.0841	4.1293	4.159	4.1556	4.1602	4.1711	09.10.2019	4.1104	4.0965	4.112	4.0705	0.37	4.0970	4.1285	4.1143	4.0873	0
199	4.1104	4.0954	4.1071	4.0556	4.0841	4.1293	4.159	4.1556	4.1602	10.10.2019	4.1095	4.1101	4.1377	4.0891	-0.02	4.0937	4.1239	4.1163	4.0900	1
200	4.1095	4.1104	4.0954	4.1071	4.0556	4.0841	4.1293	4.159	4.1556	11.10.2019	4.1097	4.1071	4.1261	4.0803	0.00	4.0980	4.1206	4.1169	4.0931	1
201	4.1097	4.1095	4.1104	4.0954	4.1071	4.0556	4.0841	4.1293	4.159	14.10.2019	4.1265	4.1073	4.1383	4.1073	0.41	4.1098	4.1169	4.1188	4.0964	1
202	4.1265	4.1097	4.1095	4.1104	4.0954	4.1071	4.0556	4.0841	4.1293	15.10.2019	4.1807	4.1261	4.1814	4.1209	1.31	4.1220	4.1186	4.1235	4.1018	0
203	4.1807	4.1265	4.1097	4.1095	4.1104	4.0954	4.1071	4.0556	4.0841	16.10.2019	4.1518	4.1802	4.1879	4.1475	-0.69	4.1314	4.1183	4.1273	4.1062	1
204	4.1518	4.1807	4.1265	4.1097	4.1095	4.1104	4.0954	4.1071	4.0556	17.10.2019	4.1643	4.152	4.1818	4.1269	0.30	4.1404	4.1187	4.1306	4.1099	0
205	4.1643	4.1518	4.1807	4.1265	4.1097	4.1095	4.1104	4.0954	4.1071	18.10.2019	4.1117	4.1646	4.1666	4.1098	-1.26	4.1408	4.1172	4.1319	4.1130	1
206	4.1117	4.1643	4.1518	4.1807	4.1265	4.1097	4.1095	4.1104	4.0954	21.10.2019	4.1293	4.1114	4.1524	4.1114	0.43	4.1441	4.1210	4.1340	4.1146	0
207	4.1293	4.1117	4.1643	4.1518	4.1807	4.1265	4.1097	4.1095	4.1104	22.10.2019	4.0819	4.1291	4.1312	4.0598	-1.15	4.1366	4.1232	4.1328	4.1165	0
208	4.0819	4.1293	4.1117	4.1643	4.1518	4.1807	4.1265	4.1097	4.1095	23.10.2019	4.0346	4.0812	4.093	4.0274	-1.16	4.1123	4.1172	4.1272	4.1171	1
209	4.0346	4.0819	4.1293	4.1117	4.1643	4.1518	4.1807	4.1265	4.1097	24.10.2019	4.0415	4.038	4.0465	3.9994	0.17	4.0939	4.1127	4.1228	4.1164	0
210	4.0415	4.0346	4.0819	4.1293	4.1117	4.1643	4.1518	4.1807	4.1265	25.10.2019	4.0038	4.0427	4.0427	3.9913	-0.93	4.0671	4.1038	4.1161	4.1153	0
211	4.0038	4.0415	4.0346	4.0819	4.1293	4.1117	4.1643	4.1518	4.1807	28.10.2019	3.991	4.0027	4.0098	3.9726	-0.32	4.0470	4.0939	4.1089	4.1146	1
212	3.991	4.0038	4.0415	4.0346	4.0819	4.1293	4.1117	4.1643	4.1518	29.10.2019	3.9986	3.9915	4.0052	3.9834	0.19	4.0252	4.0846	4.1026	4.1131	0
213	3.9986	3.991	4.0038	4.0415	4.0346	4.0819	4.1293	4.1117	4.1643	30.10.2019	3.9909	4	4.0332	3.9823	-0.19	4.0101	4.0733	4.0951	4.1104	1
214	3.9909	3.9986	3.991	4.0038	4.0415	4.0346	4.0819	4.1293	4.1117	31.10.2019	4.0184	3.9932	4.0383	3.9638	0.69	4.0074	4.0598	4.0892	4.1075	0
215	4.0184	3.9909	3.9986	3.991	4.0038	4.0415	4.0346	4.0819	4.1293	01.11.2019	3.9903	4.0179	4.0207	3.9691	-0.70	3.9988	4.0464	4.0823	4.1046	1
216	3.9903	4.0184	3.9909	3.9986	3.991	4.0038	4.0415	4.0346	4.0819	04.11.2019	4.0123	3.9894	4.0196	3.9753	0.55	4.0003	4.0337	4.0762	4.1013	0
217	4.0123	3.9903	4.0184	3.9909	3.9986	3.991	4.0038	4.0415	4.0346	05.11.2019	4.002	4.0126	4.024	3.9983	-0.26	4.0021	4.0246	4.0709	4.0978	0